x = [13.33
26.66
39.99
53.32
66.65
79.98
93.31
106.64
119.97
133.3
146.63
159.96
173.29
186.62
199.95
213.28
226.61
239.94
253.27
266.6
279.93
293.26
306.59
319.92
333.25
346.58
359.91
373.24
386.57
399.9
413.23
426.56
439.89
453.22
466.55
479.88
493.21
506.54
519.87
533.2
546.53
559.86
573.19
586.52
599.85
613.18
626.51
639.84
653.17
666.5
679.83
693.16
706.49
719.82
733.15
746.48
759.8100000000001
773.14
786.47
799.8
813.13
826.46
839.79
853.12
866.45
879.78
893.11
906.44
919.77
933.1
946.43
959.76
973.09
986.42
999.75
1013.08
1026.41
1039.74
1053.07
1066.4
1079.73
1093.06
1106.39
1119.72
1133.05
1146.38
1159.71
1173.04
1186.3700000000001
1199.7
1213.03
1226.36
1239.69
1253.02
1266.35
1279.68
1293.01
1306.34
1319.67
1333.0
1346.33
1359.66
1372.99
1386.32
1399.65
1412.98
1426.31
1439.64
1452.97
1466.3
1479.63
1492.96
1506.29
1519.6200000000001
1532.95
1546.28
1559.61
1572.94
1586.27
1599.6
1612.93
1626.26
1639.59
1652.92
1666.25
1679.58
1692.91
1706.24
1719.57
1732.9
1746.23
1759.56
1772.89
1786.22
1799.55
1812.88
1826.21
1839.54
1852.8700000000001
1866.2
1879.53
1892.86
1906.19
1919.52
1932.85
1946.18
1959.51
1972.84
1986.17
1999.5
2012.83
2026.16
2039.49
2052.82
2066.15
2079.48
2092.81
2106.14
2119.47
2132.8
2146.13
2159.46
2172.79
2186.12
2199.45
2212.78
2226.11
2239.44
2252.77
2266.1
2279.43
2292.76
2306.09
2319.42
2332.75
2346.08
2359.41
2372.7400000000002
2386.07
2399.4
2412.73
2426.06
2439.39
2452.72
2466.05
2479.38
2492.71
2506.04
2519.37
2532.7
2546.03
2559.36
2572.69
2586.02
2599.35
2612.68
2626.01
2639.34
2652.67
2666.0
2679.33
2692.66
2705.9900000000002
2719.32
2732.65
2745.98
2759.31
2772.64
2785.97
2799.3
2812.63
2825.96
2839.29
2852.62
2865.95
2879.28
2892.61
2905.94
2919.27
2932.6
2945.93
2959.26
2972.59
2985.92
2999.25
3012.58
3025.91
3039.2400000000002
3052.57
3065.9
3079.23
3092.56
3105.89
3119.22
3132.55
3145.88
3159.21
3172.54
3185.87
3199.2
3212.53
3225.86
3239.19
3252.52
3265.85
3279.18
3292.51
3305.84
3319.17
3332.5
3345.83
3359.16
3372.4900000000002
3385.82
3399.15
3412.48
3425.81
3439.14
3452.47
3465.8
3479.13
3492.46
3505.79
3519.12
3532.45
3545.78
3559.11
3572.44
3585.77
3599.1
3612.43
3625.76
3639.09
3652.42
3665.75
3679.08
3692.41
3705.7400000000002
3719.07
3732.4
3745.73
3759.06
3772.39
3785.72
3799.05
3812.38
3825.71
3839.04
3852.37
3865.7
3879.03
3892.36
3905.69
3919.02
3932.35
3945.68
3959.01
3972.34
3985.67
3999.0
4012.33
4025.66
4038.9900000000002
4052.32
4065.65
4078.98
4092.31
4105.64
4118.97
4132.3
4145.63
4158.96
4172.29
4185.62
4198.95
4212.28
4225.61
4238.94
4252.27
4265.6
4278.93
4292.26
4305.59
4318.92
4332.25
4345.58
4358.91
4372.24
4385.57
4398.9
4412.2300000000005
4425.56
4438.89
4452.22
4465.55
4478.88
4492.21
4505.54
4518.87
4532.2
4545.53
4558.86
4572.19
4585.52
4598.85
4612.18
4625.51
4638.84
4652.17
4665.5
4678.83
4692.16
4705.49
4718.82
4732.15
4745.4800000000005
4758.81
4772.14
4785.47
4798.8
4812.13
4825.46
4838.79
4852.12
4865.45
4878.78
4892.11
4905.44
4918.77
4932.1
4945.43
4958.76
4972.09
4985.42
4998.75
5012.08
5025.41
5038.74
5052.07
5065.4
5078.7300000000005
5092.06
5105.39
5118.72
5132.05
5145.38
5158.71
5172.04
5185.37
5198.7
5212.03
5225.36
5238.69
5252.02
5265.35
5278.68
5292.01
5305.34
5318.67
5332.0
5345.33
5358.66
5371.99
5385.32
5398.65
5411.9800000000005
5425.31
5438.64
5451.97
5465.3
5478.63
5491.96
5505.29
5518.62
5531.95
5545.28
5558.61
5571.94
5585.27
5598.6
5611.93
5625.26
5638.59
5651.92
5665.25
5678.58
5691.91
5705.24
5718.57
5731.9
5745.2300000000005
5758.56
5771.89
5785.22
5798.55
5811.88
5825.21
5838.54
5851.87
5865.2
5878.53
5891.86
5905.19
5918.52
5931.85
5945.18
5958.51
5971.84
5985.17
5998.5
6011.83
6025.16
6038.49
6051.82
6065.15
6078.4800000000005
6091.81
6105.14
6118.47
6131.8
6145.13
6158.46
6171.79
6185.12
6198.45
6211.78
6225.11
6238.44
6251.77
6265.1
6278.43
6291.76
6305.09
6318.42
6331.75
6345.08
6358.41
6371.74
6385.07
6398.4
6411.7300000000005
6425.06
6438.39
6451.72
6465.05
6478.38
6491.71
6505.04
6518.37
6531.7
6545.03
6558.36
6571.69
6585.02
6598.35
6611.68
6625.01
6638.34
6651.67
6665.0
6678.33
6691.66
6704.99
6718.32
6731.65
6744.9800000000005
6758.31
6771.64
6784.97
6798.3
6811.63
6824.96
6838.29
6851.62
6864.95
6878.28
6891.61
6904.94
6918.27
6931.6
6944.93
6958.26
6971.59
6984.92
6998.25
7011.58
7024.91
7038.24
7051.57
7064.9
7078.2300000000005
7091.56
7104.89
7118.22
7131.55
7144.88
7158.21
7171.54
7184.87
7198.2
7211.53
7224.86
7238.19
7251.52
7264.85
7278.18
7291.51
7304.84
7318.17
7331.5
7344.83
7358.16
7371.49
7384.82
7398.15
7411.4800000000005
7424.81
7438.14
7451.47
7464.8
7478.13
7491.46
7504.79
7518.12
7531.45
7544.78
7558.11
7571.44
7584.77
7598.1
7611.43
7624.76
7638.09
7651.42
7664.75
7678.08
7691.41
7704.74
7718.07
7731.4
7744.7300000000005
7758.06
7771.39
7784.72
7798.05
7811.38
7824.71
7838.04
7851.37
7864.7
7878.03
7891.36
7904.69
7918.02
7931.35
7944.68
7958.01
7971.34
7984.67
7998.0
8011.33
8024.66
8037.99
8051.32
8064.65
8077.9800000000005
8091.31
8104.64
8117.97
8131.3
8144.63
8157.96
8171.29
8184.62
8197.95
8211.28
8224.61
8237.94
8251.27
8264.6
8277.93
8291.26
8304.59
8317.92
8331.25
8344.58
8357.91
8371.24
8384.57
8397.9
8411.23
8424.56
8437.89
8451.22
8464.55
8477.88
8491.210000000001
8504.54
8517.87
8531.2
8544.53
8557.86
8571.19
8584.52
8597.85
8611.18
8624.51
8637.84
8651.17
8664.5
8677.83
8691.16
8704.49
8717.82
8731.15
8744.48
8757.81
8771.14
8784.47
8797.8
8811.13
8824.460000000001
8837.79
8851.12
8864.45
8877.78
8891.11
8904.44
8917.77
8931.1
8944.43
8957.76
8971.09
8984.42
8997.75
9011.08
9024.41
9037.74
9051.07
9064.4
9077.73
9091.06
9104.39
9117.72
9131.05
9144.38
9157.710000000001
9171.04
9184.37
9197.7
9211.03
9224.36
9237.69
9251.02
9264.35
9277.68
9291.01
9304.34
9317.67
9331.0
9344.33
9357.66
9370.99
9384.32
9397.65
9410.98
9424.31
9437.64
9450.97
9464.3
9477.63
9490.960000000001
9504.29
9517.62
9530.95
9544.28
9557.61
9570.94
9584.27
9597.6
9610.93
9624.26
9637.59
9650.92
9664.25
9677.58
9690.91
9704.24
9717.57
9730.9
9744.23
9757.56
9770.89
9784.22
9797.55
9810.88
9824.210000000001
9837.54
9850.87
9864.2
9877.53
9890.86
9904.19
9917.52
9930.85
9944.18
9957.51
9970.84
9984.17
9997.5
];
